-4.40553747487625e-03,-8.55504112518981e-03,-1.22073568816164e-02,-1.51502254280203e-02,-1.72126179413763e-02,-1.82746756652999e-02,-1.82746756652993e-02,-1.72126179413747e-02,-1.51502254280177e-02,-1.22073568816130e-02,-8.55504112518565e-03,-4.40553747487157e-03,4.95546935425264e-15,4.40553747488134e-03,8.55504112519491e-03,1.22073568816215e-02,1.51502254280253e-02,1.72126179413812e-02,1.82746756653047e-02,1.82746756653041e-02,1.72126179413796e-02,1.51502254280227e-02,1.22073568816181e-02,8.55504112519083e-03,4.40553747487672e-03
-8.55504112518985e-03,-1.66128943564928e-02,-2.37052665532103e-02,-2.94199748229930e-02,-3.34249010933204e-02,-3.54872936066759e-02,-3.54872936066748e-02,-3.34249010933173e-02,-2.94199748229879e-02,-2.37052665532035e-02,-1.66128943564847e-02,-8.55504112518082e-03,9.61618828456411e-15,8.55504112519976e-03,1.66128943565028e-02,2.37052665532201e-02,2.94199748230026e-02,3.34249010933299e-02,3.54872936066852e-02,3.54872936066843e-02,3.34249010933269e-02,2.94199748229976e-02,2.37052665532134e-02,1.66128943564948e-02,8.55504112519078e-03
-1.22073568816167e-02,-2.37052665532106e-02,-3.38255122978697e-02,-4.19799422185109e-02,-4.76946504882931e-02,-5.06375190346959e-02,-5.06375190346944e-02,-4.76946504882886e-02,-4.19799422185036e-02,-3.38255122978601e-02,-2.37052665531992e-02,-1.22073568816039e-02,1.36771445780925e-14,1.22073568816308e-02,2.37052665532247e-02,3.38255122978836e-02,4.19799422185245e-02,4.76946504883064e-02,5.06375190347091e-02,5.06375190347076e-02,4.76946504883019e-02,4.19799422185173e-02,3.38255122978741e-02,2.37052665532133e-02,1.22073568816180e-02
-1.51502254280209e-02,-2.94199748229939e-02,-4.19799422185117e-02,-5.21001879631704e-02,-5.91925601598870e-02,-6.28448759163124e-02,-6.28448759163104e-02,-5.91925601598814e-02,-5.21001879631614e-02,-4.19799422184999e-02,-2.94199748229797e-02,-1.51502254280051e-02,1.69122431663828e-14,1.51502254280383e-02,2.94199748230113e-02,4.19799422185286e-02,5.21001879631870e-02,5.91925601599033e-02,6.28448759163283e-02,6.28448759163264e-02,5.91925601598978e-02,5.21001879631783e-02,4.19799422185170e-02,2.94199748229971e-02,1.51502254280225e-02
-1.72126179413774e-02,-3.34249010933223e-02,-4.76946504882952e-02,-5.91925601598886e-02,-6.72504133911904e-02,-7.13999170415025e-02,-7.13999170415003e-02,-6.72504133911842e-02,-5.91925601598785e-02,-4.76946504882817e-02,-3.34249010933063e-02,-1.72126179413595e-02,1.90058904570711e-14,1.72126179413969e-02,3.34249010933418e-02,4.76946504883143e-02,5.91925601599071e-02,6.72504133912086e-02,7.13999170415203e-02,7.13999170415184e-02,6.72504133912023e-02,5.91925601598971e-02,4.76946504883009e-02,3.34249010933258e-02,1.72126179413791e-02
-1.82746756653017e-02,-3.54872936066792e-02,-5.06375190346999e-02,-6.28448759163162e-02,-7.13999170415048e-02,-7.58054545163796e-02,-7.58054545163774e-02,-7.13999170414985e-02,-6.28448759163053e-02,-5.06375190346858e-02,-3.54872936066623e-02,-1.82746756652829e-02,1.99658067480636e-14,1.82746756653221e-02,3.54872936066994e-02,5.06375190347197e-02,6.28448759163352e-02,7.13999170415236e-02,7.58054545163979e-02,7.58054545163956e-02,7.13999170415170e-02,6.28448759163244e-02,5.06375190347057e-02,3.54872936066826e-02,1.82746756653033e-02
-1.82746756653020e-02,-3.54872936066797e-02,-5.06375190347008e-02,-6.28448759163171e-02,-7.13999170415062e-02,-7.58054545163808e-02,-7.58054545163785e-02,-7.13999170414995e-02,-6.28448759163066e-02,-5.06375190346868e-02,-3.54872936066630e-02,-1.82746756652833e-02,1.97419240144284e-14,1.82746756653221e-02,3.54872936066996e-02,5.06375190347199e-02,6.28448759163356e-02,7.13999170415241e-02,7.58054545163982e-02,7.58054545163962e-02,7.13999170415175e-02,6.28448759163251e-02,5.06375190347060e-02,3.54872936066830e-02,1.82746756653035e-02
-1.72126179413783e-02,-3.34249010933241e-02,-4.76946504882976e-02,-5.91925601598916e-02,-6.72504133911940e-02,-7.13999170415062e-02,-7.13999170415041e-02,-6.72504133911877e-02,-5.91925601598815e-02,-4.76946504882844e-02,-3.34249010933083e-02,-1.72126179413608e-02,1.83812535762739e-14,1.72126179413968e-02,3.34249010933422e-02,4.76946504883150e-02,5.91925601599081e-02,6.72504133912101e-02,7.13999170415216e-02,7.13999170415195e-02,6.72504133912037e-02,5.91925601598982e-02,4.76946504883019e-02,3.34249010933266e-02,1.72126179413795e-02
-1.51502254280223e-02,-2.94199748229966e-02,-4.19799422185155e-02,-5.21001879631751e-02,-5.91925601598923e-02,-6.28448759163180e-02,-6.28448759163160e-02,-5.91925601598868e-02,-5.21001879631662e-02,-4.19799422185037e-02,-2.94199748229827e-02,-1.51502254280070e-02,1.59970246562386e-14,1.51502254280384e-02,2.94199748230120e-02,4.19799422185302e-02,5.21001879631889e-02,5.91925601599054e-02,6.28448759163305e-02,6.28448759163286e-02,5.91925601598999e-02,5.21001879631800e-02,4.19799422185186e-02,2.94199748229983e-02,1.51502254280231e-02
-1.22073568816185e-02,-2.37052665532141e-02,-3.38255122978746e-02,-4.19799422185169e-02,-4.76946504882999e-02,-5.06375190347030e-02,-5.06375190347015e-02,-4.76946504882952e-02,-4.19799422185094e-02,-3.38255122978648e-02,-2.37052665532025e-02,-1.22073568816060e-02,1.28977971855024e-14,1.22073568816312e-02,2.37052665532260e-02,3.38255122978857e-02,4.19799422185271e-02,4.76946504883093e-02,5.06375190347121e-02,5.06375190347106e-02,4.76946504883048e-02,4.19799422185199e-02,3.38255122978761e-02,2.37052665532148e-02,1.22073568816188e-02
-8.55504112519190e-03,-1.66128943564967e-02,-2.37052665532158e-02,-2.94199748229998e-02,-3.34249010933281e-02,-3.54872936066839e-02,-3.54872936066827e-02,-3.34249010933246e-02,-2.94199748229942e-02,-2.37052665532085e-02,-1.66128943564882e-02,-8.55504112518265e-03,9.26248393932820e-15,8.55504112520075e-03,1.66128943565048e-02,2.37052665532229e-02,2.94199748230060e-02,3.34249010933336e-02,3.54872936066890e-02,3.54872936066878e-02,3.34249010933302e-02,2.94199748230006e-02,2.37052665532159e-02,1.66128943564966e-02,8.55504112519171e-03
-4.40553747487840e-03,-8.55504112519392e-03,-1.22073568816223e-02,-1.51502254280274e-02,-1.72126179413842e-02,-1.82746756653080e-02,-1.82746756653072e-02,-1.72126179413818e-02,-1.51502254280237e-02,-1.22073568816175e-02,-8.55504112518838e-03,-4.40553747487271e-03,5.44466862944418e-15,4.40553747488316e-03,8.55504112519784e-03,1.22073568816253e-02,1.51502254280295e-02,1.72126179413856e-02,1.82746756653092e-02,1.82746756653084e-02,1.72126179413835e-02,1.51502254280261e-02,1.22073568816209e-02,8.55504112519275e-03,4.40553747487772e-03
-2.10988369585792e-15,-4.03249333885118e-15,-5.64549941265559e-15,-6.82313540001108e-15,-7.50413667566790e-15,-7.60216534138188e-15,-7.23000923336049e-15,-6.29980986972868e-15,-4.97621194367170e-15,-3.34384012793584e-15,-1.62163517958707e-15,1.29548978588324e-16,1.71602759072587e-15,3.04688781861339e-15,4.05360420652276e-15,4.77111297285154e-15,5.16881294514342e-15,5.30005911541980e-15,5.17427801323519e-15,4.81117007647535e-15,4.33734289944309e-15,3.70454956565162e-15,2.90958236851822e-15,2.00861915214887e-15,1.03662142665922e-15
4.40553747487430e-03,8.55504112518611e-03,1.22073568816114e-02,1.51502254280142e-02,1.72126179413697e-02,1.82746756652933e-02,1.82746756652934e-02,1.72126179413698e-02,1.51502254280143e-02,1.22073568816113e-02,8.55504112518570e-03,4.40553747487337e-03,-1.64643718996149e-15,-4.40553747487681e-03,-8.55504112518950e-03,-1.22073568816156e-02,-1.51502254280191e-02,-1.72126179413751e-02,-1.82746756652989e-02,-1.82746756652988e-02,-1.72126179413750e-02,-1.51502254280188e-02,-1.22073568816151e-02,-8.55504112518874e-03,-4.40553747487568e-03
8.55504112518820e-03,1.66128943564897e-02,2.37052665532060e-02,2.94199748229879e-02,3.34249010933151e-02,3.54872936066709e-02,3.54872936066706e-02,3.34249010933142e-02,2.94199748229864e-02,2.37052665532038e-02,1.66128943564868e-02,8.55504112518452e-03,-4.48037732849075e-15,-8.55504112519353e-03,-1.66128943564958e-02,-2.37052665532128e-02,-2.94199748229952e-02,-3.34249010933228e-02,-3.54872936066787e-02,-3.54872936066784e-02,-3.34249010933218e-02,-2.94199748229935e-02,-2.37052665532104e-02,-1.66128943564927e-02,-8.55504112518974e-03
1.22073568816154e-02,2.37052665532081e-02,3.38255122978664e-02,4.19799422185071e-02,4.76946504882893e-02,5.06375190346925e-02,5.06375190346920e-02,4.76946504882874e-02,4.19799422185043e-02,3.38255122978626e-02,2.37052665532033e-02,1.22073568816096e-02,-6.69354677928637e-15,-1.22073568816229e-02,-2.37052665532163e-02,-3.38255122978751e-02,-4.19799422185161e-02,-4.76946504882985e-02,-5.06375190347020e-02,-5.06375190347013e-02,-4.76946504882965e-02,-4.19799422185130e-02,-3.38255122978709e-02,-2.37052665532112e-02,-1.22073568816169e-02
1.51502254280200e-02,2.94199748229921e-02,4.19799422185093e-02,5.21001879631679e-02,5.91925601598846e-02,6.28448759163106e-02,6.28448759163098e-02,5.91925601598822e-02,5.21001879631641e-02,4.19799422185043e-02,2.94199748229858e-02,1.51502254280127e-02,-8.10342805110467e-15,-1.51502254280288e-02,-2.94199748230014e-02,-4.19799422185190e-02,-5.21001879631776e-02,-5.91925601598945e-02,-6.28448759163206e-02,-6.28448759163199e-02,-5.91925601598923e-02,-5.21001879631737e-02,-4.19799422185136e-02,-2.94199748229950e-02,-1.51502254280214e-02
1.72126179413768e-02,3.34249010933212e-02,4.76946504882937e-02,5.91925601598871e-02,6.72504133911893e-02,7.13999170415020e-02,7.13999170415012e-02,6.72504133911865e-02,5.91925601598825e-02,4.76946504882877e-02,3.34249010933140e-02,1.72126179413687e-02,-8.85558177605681e-15,-1.72126179413861e-02,-3.34249010933308e-02,-4.76946504883035e-02,-5.91925601598970e-02,-6.72504133911990e-02,-7.13999170415124e-02,-7.13999170415111e-02,-6.72504133911965e-02,-5.91925601598925e-02,-4.76946504882977e-02,-3.34249010933237e-02,-1.72126179413780e-02
1.82746756653012e-02,3.54872936066783e-02,5.06375190346989e-02,6.28448759163152e-02,7.13999170415045e-02,7.58054545163801e-02,7.58054545163790e-02,7.13999170415018e-02,6.28448759163105e-02,5.06375190346927e-02,3.54872936066709e-02,1.82746756652929e-02,-8.90207456810414e-15,-1.82746756653104e-02,-3.54872936066877e-02,-5.06375190347084e-02,-6.28448759163247e-02,-7.13999170415140e-02,-7.58054545163893e-02,-7.58054545163883e-02,-7.13999170415110e-02,-6.28448759163200e-02,-5.06375190347022e-02,-3.54872936066804e-02,-1.82746756653021e-02
1.82746756653016e-02,3.54872936066790e-02,5.06375190346998e-02,6.28448759163163e-02,7.13999170415058e-02,7.58054545163813e-02,7.58054545163806e-02,7.13999170415030e-02,6.28448759163118e-02,5.06375190346939e-02,3.54872936066717e-02,1.82746756652936e-02,-8.39675933065170e-15,-1.82746756653102e-02,-3.54872936066876e-02,-5.06375190347085e-02,-6.28448759163250e-02,-7.13999170415141e-02,-7.58054545163897e-02,-7.58054545163887e-02,-7.13999170415114e-02,-6.28448759163204e-02,-5.06375190347025e-02,-3.54872936066806e-02,-1.82746756653023e-02
1.72126179413778e-02,3.34249010933232e-02,4.76946504882963e-02,5.91925601598904e-02,6.72504133911932e-02,7.13999170415062e-02,7.13999170415055e-02,6.72504133911905e-02,5.91925601598861e-02,4.76946504882910e-02,3.34249010933166e-02,1.72126179413707e-02,-7.52396374434438e-15,-1.72126179413853e-02,-3.34249010933307e-02,-4.76946504883039e-02,-5.91925601598976e-02,-6.72504133912005e-02,-7.13999170415132e-02,-7.13999170415124e-02,-6.72504133911978e-02,-5.91925601598935e-02,-4.76946504882984e-02,-3.34249010933243e-02,-1.72126179413783e-02
1.51502254280215e-02,2.94199748229952e-02,4.19799422185136e-02,5.21001879631732e-02,5.91925601598907e-02,6.28448759163171e-02,6.28448759163161e-02,5.91925601598884e-02,5.21001879631695e-02,4.19799422185089e-02,2.94199748229897e-02,1.51502254280155e-02,-6.27155969172904e-15,-1.51502254280278e-02,-2.94199748230014e-02,-4.19799422185197e-02,-5.21001879631791e-02,-5.91925601598964e-02,-6.28448759163227e-02,-6.28448759163219e-02,-5.91925601598942e-02,-5.21001879631755e-02,-4.19799422185151e-02,-2.94199748229960e-02,-1.51502254280219e-02
1.22073568816174e-02,2.37052665532121e-02,3.38255122978720e-02,4.19799422185138e-02,4.76946504882968e-02,5.06375190347005e-02,5.06375190346998e-02,4.76946504882950e-02,4.19799422185110e-02,3.38255122978681e-02,2.37052665532077e-02,1.22073568816127e-02,-4.83337144478666e-15,-1.22073568816223e-02,-2.37052665532167e-02,-3.38255122978763e-02,-4.19799422185183e-02,-4.76946504883011e-02,-5.06375190347048e-02,-5.06375190347043e-02,-4.76946504882993e-02,-4.19799422185155e-02,-3.38255122978728e-02,-2.37052665532125e-02,-1.22073568816176e-02
8.55504112519046e-03,1.66128943564941e-02,2.37052665532120e-02,2.94199748229954e-02,3.34249010933234e-02,3.54872936066796e-02,3.54872936066791e-02,3.34249010933221e-02,2.94199748229934e-02,2.37052665532095e-02,1.66128943564910e-02,8.55504112518726e-03,-3.28897941081608e-15,-8.55504112519369e-03,-1.66128943564971e-02,-2.37052665532151e-02,-2.94199748229983e-02,-3.34249010933262e-02,-3.54872936066823e-02,-3.54872936066819e-02,-3.34249010933251e-02,-2.94199748229964e-02,-2.37052665532126e-02,-1.66128943564942e-02,-8.55504112519058e-03
4.40553747487657e-03,8.55504112519047e-03,1.22073568816175e-02,1.51502254280217e-02,1.72126179413779e-02,1.82746756653018e-02,1.82746756653016e-02,1.72126179413774e-02,1.51502254280206e-02,1.22073568816162e-02,8.55504112518897e-03,4.40553747487495e-03,-1.64871509577115e-15,-4.40553747487819e-03,-8.55504112519201e-03,-1.22073568816190e-02,-1.51502254280231e-02,-1.72126179413794e-02,-1.82746756653033e-02,-1.82746756653031e-02,-1.72126179413788e-02,-1.51502254280222e-02,-1.22073568816178e-02,-8.55504112519062e-03,-4.40553747487664e-03
